cam0:
  T_cam_imu:
  - [0.9998249379916688, -0.0139633405183713, 0.012454657422921607, 0.027093634580558988]
  - [0.01404056514183921, 0.9998826069716826, -0.0061347213472397475, -0.011175237071243899]
  - [-0.012367534129813252, 0.006308517819465973, 0.9999036187065572, -0.08974941576661703]
  - [0.0, 0.0, 0.0, 1.0]
  cam_overlaps: []
  camera_model: pinhole
  distortion_coeffs: [0.34663139577603624, 1.336640364799562, -6.088035718861011,
    8.613337741471184]
  distortion_model: equidistant
  intrinsics: [545.095439573863, 549.5657617179238, 306.854800803806, 233.9340289874197]
  resolution: [640, 480]
  rostopic: /camera/image_raw
  timeshift_cam_imu: 0.021486596233738938
