# The modifications of the output file from Kalibr:
# 1. For each matrix (e.g. cam0/T_cam_imu), remove the brackets and minus sign for each line. Use one pair of brackets for each matrix.
# 2. Add the T_imu_body at the end of the calibration file (usually set to identity).
cam0:
  T_cam_imu:
    [0.99996001,  -0.00398374, -0.00800618,  0.02938277,
     0.00400797,  0.99998743, 0.00301163,   -0.00549265,
     0.00799408,  -0.0030436,  0.99996341,   -0.09441705,
     0,           0,           0,            1.00000000]
  camera_model: pinhole
  distortion_coeffs: [0.1393, -0.3163, -0.0027, -0.0011]
  distortion_model: radtan
  intrinsics: [599.2681,600.0619, 313.9694,235.2045]
  resolution: [640, 480]
  timeshift_cam_imu: 0.00919556683034
T_imu_body:
  [1.0000, 0.0000, 0.0000, 0.0000,
  0.0000, 1.0000, 0.0000, 0.0000,
  0.0000, 0.0000, 1.0000, 0.0000,
  0.0000, 0.0000, 0.0000, 1.0000]

