# The modifications of the output file from Kalibr:
# 1. For each matrix (e.g. cam0/T_cam_imu), remove the brackets and minus sign for each line. Use one pair of brackets for each matrix.
# 2. Add the T_imu_body at the end of the calibration file (usually set to identity).
cam0:
  T_cam_imu:
    [0.9997896,  -0.01986308, -0.00511943,  -0.02611207,
     0.01984655,  0.99979772, -0.00326047,   0.07342264,
     0.00518316,  0.00315818,  0.99998158,   0.06633119,
     0,           0,           0,            1.00000000]
  camera_model: pinhole
  distortion_coeffs: [0.12072588725501594, 0.21908971389650617, -0.0034624253899803604, -0.0023140790689213115]
  distortion_model: radtan
  intrinsics: [605.8167887155801, 606.4010005194302, 319.231989327925, 225.07983729092925]
  resolution: [640, 480]
  timeshift_cam_imu: 0.00
T_imu_body:
  [1.0000, 0.0000, 0.0000, 0.0000,
  0.0000, 1.0000, 0.0000, 0.0000,
  0.0000, 0.0000, 1.0000, 0.0000,
  0.0000, 0.0000, 0.0000, 1.0000]

