# The modifications of the output file from Kalibr:
# 1. For each matrix (e.g. cam0/T_cam_imu), remove the brackets and minus sign for each line. Use one pair of brackets for each matrix.
# 2. Add the T_imu_body at the end of the calibration file (usually set to identity).
cam0:
  T_cam_imu:
    [0.999880929698575,   -0.053000929698575,  -0.011284436697440,   -0.075222909535531,
    0.053000929698575,   0.998557249008346,   0.014556188357967,  1.890706385492719,
     0.010540296794224,   -0.015215529947966,   0.999660727177902,  0.24054602460030,
                     0,                   0,                   0,   1.000000000000000]
  camera_model: pinhole
  distortion_coeffs: [-0.4194, 0.2721, 0.00019359, 1.76187114e-05]
  distortion_model: radtan
  intrinsics: [508.654, 509.296, 350.215, 269.375]
  resolution: [640, 480]
  timeshift_cam_imu: 0.0

T_imu_body:
  [1.0000, 0.0000, 0.0000, 0.0000,
  0.0000, 1.0000, 0.0000, 0.0000,
  0.0000, 0.0000, 1.0000, 0.0000,
  0.0000, 0.0000, 0.0000, 1.0000]

