# The modifications of the output file from Kalibr:
# 1. For each matrix (e.g. cam0/T_cam_imu), remove the brackets and minus sign for each line. Use one pair of brackets for each matrix.
# 2. Add the T_imu_body at the end of the calibration file (usually set to identity).
cam0:
  T_cam_imu:
    [0.9999665055553468,  -0.004163161955895213, 0.007046690709652488,   0.01675032506254948,
     0.004144034297171555,   0.9999876955714964,  0.0027268453113896756,  -0.006218996022886248,
     -0.007057956302810452,  -0.0026975522492379556,   0.999971453824903,  -0.02181884483416756,
     0,            0,           0,            1.00000000]
  camera_model: pinhole
  distortion_coeffs: [0.1393, -0.3163, -0.0027, -0.0011]
  distortion_model: radtan
  intrinsics: [599.2681, 600.0619, 313.9694, 235.2045]
  resolution: [640, 480]
  timeshift_cam_imu: 0.021
T_imu_body:
  [1.0000, 0.0000, 0.0000, 0.0000,
  0.0000, 1.0000, 0.0000, 0.0000,
  0.0000, 0.0000, 1.0000, 0.0000,
  0.0000, 0.0000, 0.0000, 1.0000]

